0 0.157584 0 0.16626 0 0.147686 0 0 0.0655355 0.0144645 0 0 0 0 0 0 0 0 0 0 0 0 0 0 0 0 0.386953 0 0 0 0 0 0.0615176 0 0 0 0 0 0 0 0 0 0 0 0 0 0 0 0 0 0 0 0 0 0 0 0 0 0 0 0 0 0 0 0 0 0 0 0 0 0 0 0 0 0 0 0 0
0.161355 0 0.0358464 0.323204 0.00886135 0 0 0 0 0.182486 0 0.287089 0 0 0 0 0 0 0 0 0 0 0 0 0 0 0 0 0 0 0 0 0.00115751 0 0 0 0 0 0 0 0 0 0 0 0 0 0 0 0 0 0 0 0 0 0 0 0 0 0 0 0 0 0 0 0 0 0 0 0 0 0 0 0 0 0 0 0 0
0 0.0522344 0 0 0.231451 0 0 0.234067 0 0 0.0907314 0.0194523 0.127931 0.213221 0.0309111 0 0 0 0 0 0 0 0 0 0 0 0 0 0 0 0 0 0 0 0 0 0 0 0 0 0 0 0 0 0 0 0 0 0 0 0 0 0 0 0 0 0 0 0 0 0 0 0 0 0 0 0 0 0 0 0 0 0 0 0 0 0 0
0.213151 0.405172 0 0 0.1177 0.0630817 0.200895 0 0 0 0 0 0 0 0 0 0 0 0 0 0 0 0 0 0 0 0 0 0 0 0 0 0 0 0 0 0 0 0 0 0 0 0 0 0 0 0 0 0 0 0 0 0 0 0 0 0 0 0 0 0 0 0 0 0 0 0 0 0 0 0 0 0 0 0 0 0 0
0 0.0192676 0.34608 0.203112 0 0 0.0217146 0.409825 0 0 0 0 0 0 0 0 0 0 0 0 0 0 0 0 0 0 0 0 0 0 0 0 0 0 0 0 0 0 0 0 0 0 0 0 0 0 0 0 0 0 0 0 0 0 0 0 0 0 0 0 0 0 0 0 0 0 0 0 0 0 0 0 0 0 0 0 0 0
0.259928 0 0 0.0869178 0 0 0.341373 0 0.20026 0 0 0 0 0 0.111522 0 0 0 0 0 0 0 0 0 0 0 0 0 0 0 0 0 0 0 0 0 0 0 0 0 0 0 0 0 0 0 0 0 0 0 0 0 0 0 0 0 0 0 0 0 0 0 0 0 0 0 0 0 0 0 0 0 0 0 0 0 0 0
0 0 0 0.248252 0.015656 0.308947 0 0.270748 0 0 0 0 0 0 0.156398 0 0 0 0 0 0 0 0 0 0 0 0 0 0 0 0 0 0 0 0 0 0 0 0 0 0 0 0 0 0 0 0 0 0 0 0 0 0 0 0 0 0 0 0 0 0 0 0 0 0 0 0 0 0 0 0 0 0 0 0 0 0 0
0 0 0.271765 0 0.321257 0 0.291699 0 0 0 0.0152384 0 0 0 0.100041 0 0 0 0 0 0 0 0 0 0 0 0 0 0 0 0 0 0 0 0 0 0 0 0 0 0 0 0 0 0 0 0 0 0 0 0 0 0 0 0 0 0 0 0 0 0 0 0 0 0 0 0 0 0 0 0 0 0 0 0 0 0 0
0.0854889 0 0 0 0 0.150044 0 0 0 0 0 0 0 0 0.271027 0 0 0 0 0 0 0 0 0 0 0 0.272784 0 0 0.108181 0 0 0 0.0543892 0.0580851 0 0 0 0 0 0 0 0 0 0 0 0 0 0 0 0 0 0 0 0 0 0 0 0 0 0 0 0 0 0 0 0 0 0 0 0 0 0 0 0 0 0 0
0.0232475 0.299159 0 0 0 0 0 0 0 0 0 0.207281 0 0 0 0 0.265109 0 0 0 0 0 0 0 0 0 0 0 0 0 0 0 0.205205 0 0 0 0 0 0 0 0 0 0 0 0 0 0 0 0 0 0 0 0 0 0 0 0 0 0 0 0 0 0 0 0 0 0 0 0 0 0 0 0 0 0 0 0 0
0 0 0.159806 0 0 0 0 0.0230437 0 0 0 0 0.00588707 0.24269 0.0571573 0.20276 0 0 0 0 0 0 0 0 0 0 0 0 0 0 0 0 0 0 0 0 0 0 0 0 0 0 0 0 0 0 0 0 0 0.224971 0 0 0 0 0.0836847 0 0 0 0 0 0 0 0 0 0 0 0 0 0 0 0 0 0 0 0 0 0 0
0 0.393151 0.0183515 0 0 0 0 0 0 0.174891 0 0 0.141674 0 0 0.202939 0.0689942 0 0 0 0 0 0 0 0 0 0 0 0 0 0 0 0 0 0 0 0 0 0 0 0 0 0 0 0 0 0 0 0 0 0 0 0 0 0 0 0 0 0 0 0 0 0 0 0 0 0 0 0 0 0 0 0 0 0 0 0 0
0 0 0.209636 0 0 0 0 0 0 0 0.00583011 0.244117 0 0.363056 0 0.177361 0 0 0 0 0 0 0 0 0 0 0 0 0 0 0 0 0 0 0 0 0 0 0 0 0 0 0 0 0 0 0 0 0 0 0 0 0 0 0 0 0 0 0 0 0 0 0 0 0 0 0 0 0 0 0 0 0 0 0 0 0 0
0 0 0.374938 0 0 0 0 0 0 0 0.237058 0 0.375986 0 0 0.0120182 0 0 0 0 0 0 0 0 0 0 0 0 0 0 0 0 0 0 0 0 0 0 0 0 0 0 0 0 0 0 0 0 0 0 0 0 0 0 0 0 0 0 0 0 0 0 0 0 0 0 0 0 0 0 0 0 0 0 0 0 0 0
0 0 0.0309517 0 0 0.0966752 0.148975 0.088478 0.309853 0 0.0330006 0 0 0 0 0 0 0 0 0 0 0 0 0 0 0 0 0 0 0 0 0 0 0.0829738 0.144963 0.0641299 0 0 0 0 0 0 0 0 0 0 0 0 0 0 0 0 0 0 0 0 0 0 0 0 0 0 0 0 0 0 0 0 0 0 0 0 0 0 0 0 0 0
0 0 0 0 0 0 0 0 0 0 0.0916499 0.166455 0.0841097 0.00618971 0 0 0.175717 0 0 0 0 0 0 0 0 0 0 0 0 0 0 0 0 0 0 0 0 0 0 0 0 0 0 0 0 0 0 0 0 0.00735731 0 0 0 0 0.433766 0.0347557 0 0 0 0 0 0 0 0 0 0 0 0 0 0 0 0 0 0 0 0 0 0
0 0 0 0 0 0 0 0 0 0.186704 0 0.0560084 0 0 0 0.172212 0 0.133119 0 0 0 0 0 0 0 0 0 0 0 0 0 0.206482 0.0503678 0 0 0 0 0 0 0 0 0 0 0 0 0 0 0 0 0 0 0 0 0 0.00223099 0.185021 0.00785532 0 0 0 0 0 0 0 0 0 0 0 0 0 0 0 0 0 0 0 0 0
0 0 0 0 0 0 0 0 0 0 0 0 0 0 0 0 0.313374 0 0 0 0 0.194603 0 0 0 0 0 0 0 0 0 0.323342 0 0 0 0 0 0 0 0 0 0 0 0 0 0 0 0 0 0 0 0 0 0 0 0.0119074 0.156773 0 0 0 0 0 0 0 0 0 0 0 0 0 0 0 0 0 0 0 0 0
0 0 0 0 0 0 0 0 0 0 0 0 0 0 0 0 0 0 0 0 0 0.25902 0 0 0 0.523337 0 0 0 0 0 0 0 0 0 0.140963 0 0.0766806 0 0 0 0 0 0 0 0 0 0 0 0 0 0 0 0 0 0 0 0 0 0 0 0 0 0 0 0 0 0 0 0 0 0 0 0 0 0 0 0
0 0 0 0 0 0 0 0 0 0 0 0 0 0 0 0 0 0 0 0 0.216918 0.3904 0.131876 0.0922541 0.0899137 0 0 0 0 0 0 0.0786383 0 0 0 0 0 0 0 0 0 0 0 0 0 0 0 0 0 0 0 0 0 0 0 0 0 0 0 0 0 0 0 0 0 0 0 0 0 0 0 0 0 0 0 0 0 0
0 0 0 0 0 0 0 0 0 0 0 0 0 0 0 0 0 0 0 0.382484 0 0 0.502532 0 0 0 0 0 0 0 0 0.114983 0 0 0 0 0 0 0 0 0 0 0 0 0 0 0 0 0 0 0 0 0 0 0 0 0 0 0 0 0 0 0 0 0 0 0 0 0 0 0 0 0 0 0 0 0 0
0 0 0 0 0 0 0 0 0 0 0 0 0 0 0 0 0 0.0805208 0.0921718 0.446101 0 0 0 0 0.109744 0.241567 0 0 0 0 0 0.0245178 0 0 0 0 0 0 0 0 0 0 0 0 0 0 0 0 0 0 0 0 0 0 0 0 0.0053774 0 0 0 0 0 0 0 0 0 0 0 0 0 0 0 0 0 0 0 0 0
0 0 0 0 0 0 0 0 0 0 0 0 0 0 0 0 0 0 0 0.156437 0.337346 0 0 0.341978 0 0 0 0.130521 0 0 0 0.0337176 0 0 0 0 0 0 0 0 0 0 0 0 0 0 0 0 0 0 0 0 0 0 0 0 0 0 0 0 0 0 0 0 0 0 0 0 0 0 0 0 0 0 0 0 0 0
0 0 0 0 0 0 0 0 0 0 0 0 0 0 0 0 0 0 0 0.0878806 0 0 0.272276 0 0.218656 0 0 0.0416179 0.0468387 0 0.177704 0 0 0 0 0 0.155026 0 0 0 0 0 0 0 0 0 0 0 0 0 0 0 0 0 0 0 0 0 0 0 0 0 0 0 0 0 0 0 0 0 0 0 0 0 0 0 0 0
0 0 0 0 0 0 0 0 0 0 0 0 0 0 0 0 0 0 0 0.125816 0 0.136613 0 0.325066 0 0.209508 0 0 0 0 0 0 0 0 0 0 0.0340185 0 0.168978 0 0 0 0 0 0 0 0 0 0 0 0 0 0 0 0 0 0 0 0 0 0 0 0 0 0 0 0 0 0 0 0 0 0 0 0 0 0 0
0 0 0 0 0 0 0 0 0 0 0 0 0 0 0 0 0 0 0.215821 0 0 0.277809 0 2.80127e-06 0.194917 0 0 0 0 0 0 0 0 0 0 0 0 0.0635259 0.247924 0 0 0 0 0 0 0 0 0 0 0 0 0 0 0 0 0 0 0 0 0 0 0 0 0 0 0 0 0 0 0 0 0 0 0 0 0 0 0
0.356403 0 0 0 0 0 0 0 0.193178 0 0 0 0 0 0 0 0 0 0 0 0 0 0 0 0 0 0 0.0692953 0.160322 0.11139 0 0.078212 0.0312003 0 0 0 0 0 0 0 0 0 0 0 0 0 0 0 0 0 0 0 0 0 0 0 0 0 0 0 0 0 0 0 0 0 0 0 0 0 0 0 0 0 0 0 0 0
0 0 0 0 0 0 0 0 0 0 0 0 0 0 0 0 0 0 0 0 0 0 0.138554 0.055342 0 0 0.0920164 0 0.301711 0 0 0.412376 0 0 0 0 0 0 0 0 0 0 0 0 0 0 0 0 0 0 0 0 0 0 0 0 0 0 0 0 0 0 0 0 0 0 0 0 0 0 0 0 0 0 0 0 0 0
0 0 0 0 0 0 0 0 0 0 0 0 0 0 0 0 0 0 0 0 0 0 0 0.0575154 0 0 0.195358 0.275699 0 0.26212 0.209308 0 0 0 0 0 0 0 0 0 0 0 0 0 0 0 0 0 0 0 0 0 0 0 0 0 0 0 0 0 0 0 0 0 0 0 0 0 0 0 0 0 0 0 0 0 0 0
0 0 0 0 0 0 0 0 0.142864 0 0 0 0 0 0 0 0 0 0 0 0 0 0 0 0 0 0.211287 0 0.411959 0 0.0557825 0 0 0 0.174173 0 0.0039335 0 0 0 0 0 0 0 0 0 0 0 0 0 0 0 0 0 0 0 0 0 0 0 0 0 0 0 0 0 0 0 0 0 0 0 0 0 0 0 0 0
0 0 0 0 0 0 0 0 0 0 0 0 0 0 0 0 0 0 0 0 0 0 0 0.351178 0 0 0 0 0.343564 0.0598542 0 0 0 0 0.0102425 0 0.235161 0 0 0 0 0 0 0 0 0 0 0 0 0 0 0 0 0 0 0 0 0 0 0 0 0 0 0 0 0 0 0 0 0 0 0 0 0 0 0 0 0
0 0 0 0 0 0 0 0 0 0 0 0 0 0 0 0 0.175305 0.116036 0 0.0769666 0.0660533 0.021046 0.0277549 0 0 0 0.0812698 0.321436 0 0 0 0 0.114133 0 0 0 0 0 0 0 0 0 0 0 0 0 0 0 0 0 0 0 0 0 0 0 0 0 0 0 0 0 0 0 0 0 0 0 0 0 0 0 0 0 0 0 0 0
0.161737 0.00282771 0 0 0 0 0 0 0 0.327859 0 0 0 0 0 0 0.112806 0 0 0 0 0 0 0 0 0 0.0856513 0 0 0 0 0.30912 0 0 0 0 0 0 0 0 0 0 0 0 0 0 0 0 0 0 0 0 0 0 0 0 0 0 0 0 0 0 0 0 0 0 0 0 0 0 0 0 0 0 0 0 0 0
0 0 0 0 0 0 0 0 0.171869 0 0 0 0 0 0.229683 0 0 0 0 0 0 0 0 0 0 0 0 0 0 0 0 0 0 0 0.598448 0 0 0 0 0 0 0 0 0 0 0 0 0 0 0 0 0 0 0 0 0 0 0 0 0 0 0 0 0 0 0 0 0 0 0 0 0 0 0 0 0 0 0
0 0 0 0 0 0 0 0 0.0561277 0 0 0 0 0 0.122392 0 0 0 0 0 0 0 0 0 0 0 0 0 0 0.128639 0.0070859 0 0 0.186105 0 0.141004 0.358646 0 0 0 0 0 0 0 0 0 0 0 0 0 0 0 0 0 0 0 0 0 0 0 0 0 0 0 0 0 0 0 0 0 0 0 0 0 0 0 0 0
0 0 0 0 0 0 0 0 0 0 0 0 0 0 0.107306 0 0 0 0.116118 0 0 0 0 0 0 0 0 0 0 0 0 0 0 0 0.27887 0 0.121311 0.376395 0 0 0 0 0 0 0 0 0 0 0 0 0 0 0 0 0 0 0 0 0 0 0 0 0 0 0 0 0 0 0 0 0 0 0 0 0 0 0 0
0 0 0 0 0 0 0 0 0 0 0 0 0 0 0 0 0 0 0 0 0 0 0 0.155079 0.0226538 0 0 0 0 0.00207415 0.117734 0 0 0 0.260974 0.04522 0 0.0655757 0.33069 0 0 0 0 0 0 0 0 0 0 0 0 0 0 0 0 0 0 0 0 0 0 0 0 0 0 0 0 0 0 0 0 0 0 0 0 0 0 0
0 0 0 0 0 0 0 0 0 0 0 0 0 0 0 0 0 0 0.0666262 0 0 0 0 0 0 0.137674 0 0 0 0 0 0 0 0 0 0.418484 0.195819 0 0.181397 0 0 0 0 0 0 0 0 0 0 0 0 0 0 0 0 0 0 0 0 0 0 0 0 0 0 0 0 0 0 0 0 0 0 0 0 0 0 0
0 0 0 0 0 0 0 0 0 0 0 0 0 0 0 0 0 0 0 0 0 0 0 0 0.167252 0.260348 0 0 0 0 0 0 0 0 0 0 0.482518 0.0898816 0 0 0 0 0 0 0 0 0 0 0 0 0 0 0 0 0 0 0 0 0 0 0 0 0 0 0 0 0 0 0 0 0 0 0 0 0 0 0 0
0 0 0 0 0 0 0 0 0 0 0 0 0 0 0 0 0 0 0 0 0 0 0 0 0 0 0 0 0 0 0 0 0 0 0 0 0 0 0 0 0.183252 0 0.251083 0 0.0662816 0 0 0.0885511 0.0176849 0 0 0 0 0 0 0 0 0 0 0 0 0 0 0 0 0.32952 0 0 0 0 0 0.0636282 0 0 0 0 0 0
0 0 0 0 0 0 0 0 0 0 0 0 0 0 0 0 0 0 0 0 0 0 0 0 0 0 0 0 0 0 0 0 0 0 0 0 0 0 0 0.129943 0 0.108195 0.343402 0 0 0 0 0 0.142429 0 0.272304 0.00372723 0 0 0 0 0 0 0 0 0 0 0 0 0 0 0 0 0 0 0 0 0 0 0 0 0 0
0 0 0 0 0 0 0 0 0 0 0 0 0 0 0 0 0 0 0 0 0 0 0 0 0 0 0 0 0 0 0 0 0 0 0 0 0 0 0 0 0.194832 0 0.0249371 0.2377 0 0 0.146202 0 0 0.011824 0.00331809 0.190137 0.191051 0 0 0 0 0 0 0 0 0 0 0 0 0 0 0 0 0 0 0 0 0 0 0 0 0
0 0 0 0 0 0 0 0 0 0 0 0 0 0 0 0 0 0 0 0 0 0 0 0 0 0 0 0 0 0 0 0 0 0 0 0 0 0 0 0.237976 0.448319 0.0185657 0 0.059763 0.023134 0.198566 0.0136765 0 0 0 0 0 0 0 0 0 0 0 0 0 0 0 0 0 0 0 0 0 0 0 0 0 0 0 0 0 0 0
0 0 0 0 0 0 0 0 0 0 0 0 0 0 0 0 0 0 0 0 0 0 0 0 0 0 0 0 0 0 0 0 0 0 0 0 0 0 0 0 0 0.388129 0.1339 0 0 0.00559496 0.472376 0 0 0 0 0 0 0 0 0 0 0 0 0 0 0 0 0 0 0 0 0 0 0 0 0 0 0 0 0 0 0
0 0 0 0 0 0 0 0 0 0 0 0 0 0 0 0 0 0 0 0 0 0 0 0 0 0 0 0 0 0 0 0 0 0 0 0 0 0 0 0.138251 0 0 0.0517234 0 0 0.386886 0 0.311665 0 0 0 0 0 0.111474 0 0 0 0 0 0 0 0 0 0 0 0 0 0 0 0 0 0 0 0 0 0 0 0
0 0 0 0 0 0 0 0 0 0 0 0 0 0 0 0 0 0 0 0 0 0 0 0 0 0 0 0 0 0 0 0 0 0 0 0 0 0 0 0 0 0 0.304926 0.00404698 0.274261 0 0.276559 0 0 0 0 0 0 0.140207 0 0 0 0 0 0 0 0 0 0 0 0 0 0 0 0 0 0 0 0 0 0 0 0
0 0 0 0 0 0 0 0 0 0 0 0 0 0 0 0 0 0 0 0 0 0 0 0 0 0 0 0 0 0 0 0 0 0 0 0 0 0 0 0 0 0.1606 0.0167377 0.320744 0 0.263666 0 0 0 0.0186882 0 0 0.00208803 0.217476 0 0 0 0 0 0 0 0 0 0 0 0 0 0 0 0 0 0 0 0 0 0 0 0
0 0 0 0 0 0 0 0 0 0 0 0 0 0 0 0 0 0 0 0 0 0 0 0 0 0 0 0 0 0 0 0 0 0 0 0 0 0 0 0.114357 0 0 0 0 0.189508 0 0 0 0 0 0 0 0 0.178984 0 0 0 0 0 0 0 0 0 0 0 0.224414 0 0 0.235353 0 0 0 0.0169795 0.0404045 0 0 0 0
0 0 0 0 0 0 0 0 0 0 0 0 0 0 0 0 0 0 0 0 0 0 0 0 0 0 0 0 0 0 0 0 0 0 0 0 0 0 0 0.0285738 0.33186 0 0 0 0 0 0 0 0 0 0.124114 0 0 0 0 0.276623 0 0 0 0 0 0 0 0 0 0 0 0 0 0 0 0.23883 0 0 0 0 0 0
0 0 0 0 0 0 0 0 0 0 0.345132 0 0 0 0 0.0166462 0 0 0 0 0 0 0 0 0 0 0 0 0 0 0 0 0 0 0 0 0 0 0 0 0 0.0235171 0 0 0 0 0.0331575 0 0 0 0 0.0502378 0.220646 0.112481 0.198182 0 0 0 0 0 0 0 0 0 0 0 0 0 0 0 0 0 0 0 0 0 0 0
0 0 0 0 0 0 0 0 0 0 0 0 0 0 0 0 0 0 0 0 0 0 0 0 0 0 0 0 0 0 0 0 0 0 0 0 0 0 0 0 0.483418 0.00332964 0 0 0 0 0 0 0.0927104 0 0 0.129218 0 0 0.194161 0.0971621 0 0 0 0 0 0 0 0 0 0 0 0 0 0 0 0 0 0 0 0 0 0
0 0 0 0 0 0 0 0 0 0 0 0 0 0 0 0 0 0 0 0 0 0 0 0 0 0 0 0 0 0 0 0 0 0 0 0 0 0 0 0 0.0107389 0.306495 0 0 0 0 0 0 0 0.0401624 0.205565 0 0.246431 0 0.190607 0 0 0 0 0 0 0 0 0 0 0 0 0 0 0 0 0 0 0 0 0 0 0
0 0 0 0 0 0 0 0 0 0 0 0 0 0 0 0 0 0 0 0 0 0 0 0 0 0 0 0 0 0 0 0 0 0 0 0 0 0 0 0 0 0.41966 0 0 0 0 0.00404561 0 0 0.237699 0 0.338595 0 0 0 0 0 0 0 0 0 0 0 0 0 0 0 0 0 0 0 0 0 0 0 0 0 0
0 0 0 0 0 0 0 0 0 0 0 0 0 0 0 0 0 0 0 0 0 0 0 0 0 0 0 0 0 0 0 0 0 0 0 0 0 0 0 0 0 0 0 0 0.0746763 0.132293 0.211878 0.201587 0 0.0633335 0 0 0 0 0 0 0 0 0 0 0 0 0 0 0 0 0 0 0 0 0 0 0.107517 0.139795 0.0689204 0 0 0
0 0 0 0 0 0 0 0 0 0 0.0339669 0 0 0 0 0.438355 0.000820197 0 0 0 0 0 0 0 0 0 0 0 0 0 0 0 0 0 0 0 0 0 0 0 0 0 0 0 0 0 0 0 0 0.0765356 0.149053 0.0905554 0.000198681 0 0 0.210516 0 0 0 0 0 0 0 0 0 0 0 0 0 0 0 0 0 0 0 0 0 0
0 0 0 0 0 0 0 0 0 0 0 0 0 0 0 0.0359281 0.202654 0.00925727 0 0 0 0 0 0 0 0 0 0 0 0 0 0 0 0 0 0 0 0 0 0 0 0 0 0 0 0 0 0 0.161698 0 0.0750322 0 0 0 0.210918 0 0.102992 0 0 0 0 0 0 0 0 0 0 0 0 0 0.162105 0.0394155 0 0 0 0 0 0
0 0 0 0 0 0 0 0 0 0 0 0 0 0 0 0 0.0286571 0.206533 0 0 0 0.0133474 0 0 0 0 0 0 0 0 0 0 0 0 0 0 0 0 0 0 0 0 0 0 0 0 0 0 0 0 0 0 0 0 0 0.270695 0 0 0 0 0.160675 0 0 0 0 0 0 0 0 0 0.320093 0 0 0 0 0 0 0
0 0 0 0 0 0 0 0 0 0 0 0 0 0 0 0 0 0 0 0 0 0 0 0 0 0 0 0 0 0 0 0 0 0 0 0 0 0 0 0 0 0 0 0 0 0 0 0 0 0 0 0 0 0 0 0 0 0 0 0 0.318468 0 0 0 0.534007 0 0 0 0 0 0 0 0 0 0.0348678 0 0.112657 0
0 0 0 0 0 0 0 0 0 0 0 0 0 0 0 0 0 0 0 0 0 0 0 0 0 0 0 0 0 0 0 0 0 0 0 0 0 0 0 0 0 0 0 0 0 0 0 0 0 0 0 0 0 0 0 0 0 0 0 0.315506 0.380157 0.0725127 0.0290873 0.0918538 0 0 0 0 0 0 0.110884 0 0 0 0 0 0 0
0 0 0 0 0 0 0 0 0 0 0 0 0 0 0 0 0 0 0 0 0 0 0 0 0 0 0 0 0 0 0 0 0 0 0 0 0 0 0 0 0 0 0 0 0 0 0 0 0 0 0 0 0 0 0 0 0 0 0.445971 0 0 0.502125 0.000292662 0 0 0 0 0 0 0 0.0516111 0 0 0 0 0 0 0
0 0 0 0 0 0 0 0 0 0 0 0 0 0 0 0 0 0 0 0 0 0 0 0 0 0 0 0 0 0 0 0 0 0 0 0 0 0 0 0 0 0 0 0 0 0 0 0 0 0 0 0 0 0 0 0 0.0511801 0.129605 0.383796 0 0 0 0 0.214647 0.186968 0 0 0 0 0 0.0338037 0 0 0 0 0 0 0
0 0 0 0 0 0 0 0 0 0 0 0 0 0 0 0 0 0 0 0 0 0 0 0 0 0 0 0 0 0 0 0 0 0 0 0 0 0 0 0 0 0 0 0 0 0 0 0 0 0 0 0 0 0 0 0 0 0 0.0807882 0.405552 0 0 0.296065 0 0 0 0.120129 0 0 0.0291534 0.0683125 0 0 0 0 0 0 0
0 0 0 0 0 0 0 0 0 0 0 0 0 0 0 0 0 0 0 0 0 0 0 0 0 0 0 0 0 0 0 0 0 0 0 0 0 0 0 0 0 0 0 0 0 0 0 0 0 0 0 0 0 0 0 0 0 0 0.0414857 0.00104344 0 0.38151 0 0.259636 0 0 0 0 0 0.149146 0 0 0 0 0 0.164086 0 0.00309168
0 0 0 0 0 0 0 0 0 0 0 0 0 0 0 0 0 0 0 0 0 0 0 0 0 0 0 0 0 0 0 0 0 0 0 0 0 0 0 0 0 0 0 0 0 0 0 0 0 0 0 0 0 0 0 0 0 0 0.130136 0 0.302943 0 0.257562 0 0.169398 0 0 0 0 0 0 0 0 0 0 0.0106699 0 0.12929
0 0 0 0 0 0 0 0 0 0 0 0 0 0 0 0 0 0 0 0 0 0 0 0 0 0 0 0 0 0 0 0 0 0 0 0 0 0 0 0 0 0 0 0 0 0 0 0 0 0 0 0 0 0 0 0 0 0.252589 0 0 0.218156 0 0 0.139946 0 0 0 0 0 0 0 0 0 0 0 0 0.0711611 0.318148
0 0 0 0 0 0 0 0 0 0 0 0 0 0 0 0 0 0 0 0 0 0 0 0 0 0 0 0 0 0 0 0 0 0 0 0 0 0 0 0.317459 0 0 0 0 0 0 0 0.17018 0 0 0 0 0 0 0 0 0 0 0 0 0 0 0 0 0 0 0.112365 0.0629056 0.156018 0 0.0606607 0.120411 0 0 0 0 0 0
0 0 0 0 0 0 0 0 0 0 0 0 0 0 0 0 0 0 0 0 0 0 0 0 0 0 0 0 0 0 0 0 0 0 0 0 0 0 0 0 0 0 0 0 0 0 0 0 0 0 0 0 0 0 0 0 0 0 0 0 0 0.120415 0 0 0 0.10782 0 0.187898 0 0.134791 0.449076 0 0 0 0 0 0 0
0 0 0 0 0 0 0 0 0 0 0 0 0 0 0 0 0 0 0 0 0 0 0 0 0 0 0 0 0 0 0 0 0 0 0 0 0 0 0 0 0 0 0 0 0 0 0 0 0 0 0 0 0 0 0 0 0 0 0 0 0 0 0 0 0 0.0920408 0.274208 0 0.354818 0.278933 0 0 0 0 0 0 0 0
0 0 0 0 0 0 0 0 0 0 0 0 0 0 0 0 0 0 0 0 0 0 0 0 0 0 0 0 0 0 0 0 0 0 0 0 0 0 0 0 0 0 0 0 0 0 0 0.23753 0 0 0 0 0 0 0 0 0 0 0 0 0 0 0 0 0 0.204529 0 0.337714 0 0.0525758 0 0 0 0.167651 0 0 0 0
0 0 0 0 0 0 0 0 0 0 0 0 0 0 0 0 0 0 0 0 0 0 0 0 0 0 0 0 0 0 0 0 0 0 0 0 0 0 0 0 0 0 0 0 0 0 0 0 0 0 0 0 0 0 0 0 0 0 0 0 0 0.0363372 0.144259 0 0 0 0.170988 0.240065 0.0473505 0 0 0 0 0.236556 0 0.124445 0 0
0 0 0 0 0 0 0 0 0 0 0 0 0 0 0 0 0 0 0 0 0 0 0 0 0 0 0 0 0 0 0 0 0 0 0 0 0 0 0 0 0 0 0 0 0 0 0 0 0 0 0 0 0 0 0 0.13545 0.102545 0 0.111201 0.0369416 0.0335459 0.0615877 0 0 0 0.052252 0.403432 0 0 0 0 0.0630438 0 0 0 0 0 0
0 0 0 0 0 0 0 0 0 0 0 0 0 0 0 0 0 0 0 0 0 0 0 0 0 0 0 0 0 0 0 0 0 0 0 0 0 0 0 0.143292 0 0 0 0 0 0 0 0 0.315598 0 0 0 0 0 0 0.0898729 0 0 0 0 0 0 0 0 0 0.280407 0 0 0 0 0.17083 0 0 0 0 0 0 0
0 0 0 0 0 0 0 0 0 0 0 0 0 0 0 0 0 0 0 0 0 0 0 0 0 0 0 0 0 0 0 0 0 0 0 0 0 0 0 0 0 0 0 0 0 0 0 0.0423698 0 0 0 0 0 0.244587 0 0 0 0 0 0 0 0 0 0 0 0 0 0 0 0 0 0 0 0.713043 0 0 0 0
0 0 0 0 0 0 0 0 0 0 0 0 0 0 0 0 0 0 0 0 0 0 0 0 0 0 0 0 0 0 0 0 0 0 0 0 0 0 0 0 0 0 0 0 0 0 0 0.0250759 0 0 0 0 0 0.0766898 0 0 0 0 0 0 0 0 0 0 0 0 0 0 0.102497 0.161561 0 0 0.171912 0 0.142537 0.319728 0 0
0 0 0 0 0 0 0 0 0 0 0 0 0 0 0 0 0 0 0 0 0 0 0 0 0 0 0 0 0 0 0 0 0 0 0 0 0 0 0 0 0 0 0 0 0 0 0 0 0 0 0 0 0 0.103275 0 0 0 0.0368093 0 0 0 0 0 0 0 0 0 0 0 0 0 0 0 0.388831 0 0.0957147 0.37537 0
0 0 0 0 0 0 0 0 0 0 0 0 0 0 0 0 0 0 0 0 0 0 0 0 0 0 0 0 0 0 0 0 0 0 0 0 0 0 0 0 0 0 0 0 0 0 0 0 0 0 0 0 0 0 0 0 0 0 0 0 0 0 0.116141 0.00773927 0 0 0 0 0 0.0916826 0 0 0 0.340087 0.0376191 0 0.0891709 0.31756
0 0 0 0 0 0 0 0 0 0 0 0 0 0 0 0 0 0 0 0 0 0 0 0 0 0 0 0 0 0 0 0 0 0 0 0 0 0 0 0 0 0 0 0 0 0 0 0 0 0 0 0 0 0 0 0 0 0.112742 0 0 0 0 0 0 0.148395 0 0 0 0 0 0 0 0 0 0.354371 0.212161 0 0.172331
0 0 0 0 0 0 0 0 0 0 0 0 0 0 0 0 0 0 0 0 0 0 0 0 0 0 0 0 0 0 0 0 0 0 0 0 0 0 0 0 0 0 0 0 0 0 0 0 0 0 0 0 0 0 0 0 0 0 0 0 0 0 0.00290191 0.12368 0.363196 0 0 0 0 0 0 0 0 0 0 0.415555 0.0946669 0
